oneb_Metadata_Treatment_Dose_Inhibitor_Dose,DMSO_0.100_DMSO_0.025,DMSO_0.100_DMSO_1.0,DMSO_0.100_Z-VAD-FMK_100.0,DMSO_0.100_Z-VAD-FMK_30.0,Disulfiram_0.100_DMSO_0.025,Disulfiram_1.000_DMSO_0.025,Disulfiram_2.500_DMSO_0.025,Flagellin_0.100_DMSO_0.025,Flagellin_1.000_DMSO_0.025,Flagellin_1.000_Disulfiram_1.0,H2O2_100.000_DMSO_0.025,H2O2_100.000_Disulfiram_1.0,H2O2_100.000_Z-VAD-FMK_100.0,LPS_0.010_DMSO_0.025,LPS_0.100_DMSO_0.025,LPS_1.000_DMSO_0.025,LPS_10.000_DMSO_0.025,LPS_10.000_Disulfiram_0.1,LPS_10.000_Disulfiram_1.0,LPS_10.000_Disulfiram_2.5,LPS_10.000_Z-VAD-FMK_100.0,LPS_100.000_DMSO_0.025,LPS_Nigericin_1.000_1.0_DMSO_0.025,LPS_Nigericin_1.000_10.0_DMSO_0.025,LPS_Nigericin_1.000_10.0_Disulfiram_1.0,LPS_Nigericin_1.000_10.0_Z-VAD-FMK_100.0,LPS_Nigericin_1.000_3.0_DMSO_0.025,LPS_Nigericin_100.000_1.0_DMSO_0.025,LPS_Nigericin_100.000_10.0_DMSO_0.025,LPS_Nigericin_100.000_3.0_DMSO_0.025,Thapsigargin_1.000_DMSO_0.025,Thapsigargin_10.000_DMSO_0.025,Topotecan_10.000_DMSO_0.025,Topotecan_20.000_DMSO_0.025,Topotecan_5.000_DMSO_0.025,media ctr_0_Media ctr_0.0
DMSO_0.100_DMSO_0.025,1.0,0.63990111707788,0.49988858330018415,0.6353279026553513,0.2672041808441763,-0.0624153083908222,0.17027233966759256,0.017106952612032555,0.45078829525025904,-0.46425355956350695,0.1509093419373113,-0.47893279963717617,0.03348311094699036,0.6060173416143001,0.6869051409112282,0.1813578655939758,0.12082370938369498,-0.10465355518435178,-0.05111049948072666,-0.3661679378793994,0.24389193963583214,-0.17925761284801509,-0.3763893115990813,-0.4144086190312124,-0.3635348757769655,-0.09480129893539943,-0.4094147872725099,-0.5747798569908551,-0.4818611674520809,-0.39679476367932215,-0.01979943150658525,-0.22476773772354136,0.515978023770094,0.5669329877265848,0.5889102396384954,0.7297652215613347
DMSO_0.100_DMSO_1.0,0.63990111707788,1.0,0.6311183359624575,0.6145674321114659,0.21151916111566002,0.015203456177575483,0.14594695467173288,0.09181566086469342,0.29608222786369887,-0.17271832321728806,0.34174786210366603,-0.36276128134023844,0.2664416039917711,0.43666422338856703,0.5063673373330684,0.09419711819675883,0.1449326330391107,-0.2776203677696752,-0.050665788712638965,-0.23400392999135444,0.31844721836058504,-0.28229667414136295,-0.3589063840621203,-0.6252822531241649,-0.37982992803587085,-0.16942340730947336,-0.5925317659271181,-0.4941953548358334,-0.5039493039602174,-0.48802498969590163,0.09272247418548683,-0.07322450650683363,0.33384145689676303,0.41056657399790764,0.3223817753450436,0.5949762884731031
DMSO_0.100_Z-VAD-FMK_100.0,0.49988858330018415,0.6311183359624575,1.0,0.7138637615387167,-0.05474759348027588,-0.4400442860448818,-0.24668272315952197,0.13356738198175924,0.2576064890308992,-0.3369189217097163,0.36335807651592095,-0.5697202954156386,0.6728501196773429,0.5470828403576923,0.3273811308820684,-0.03027665546852874,-0.1774802324839744,-0.3501213643641945,-0.40852924905364557,-0.487066608940604,0.7766778599347793,-0.46584850500275654,-0.36347563859570886,-0.5128799056200878,-0.4302125396689422,0.4474483939036503,-0.6185197871869541,-0.5616848727581066,-0.725674796023089,-0.5319040505006533,0.46561617281285456,0.33073762132437345,0.0616972329544256,0.12591303822638006,0.077602802872204,0.43982371607385645
DMSO_0.100_Z-VAD-FMK_30.0,0.6353279026553513,0.6145674321114659,0.7138637615387167,1.0,0.15578653716928964,-0.18247446434034967,-0.12263483803872086,0.25598657481026804,0.38444150681647193,-0.2732550997173198,0.19889658431391177,-0.5311063242170514,0.3434473537980914,0.5992819993125341,0.5237939830376105,0.2078847356196112,0.019981295715958827,-0.2655118041964074,-0.2185451260308514,-0.32561945507989765,0.5144368797533017,-0.31822464006695744,-0.4531053064257636,-0.5579530664332677,-0.41284502543619195,0.14696386124245986,-0.609758075848859,-0.5510442803452433,-0.6490595953190218,-0.5899612028343565,0.2138156406446499,0.08092031433106477,0.41523665356204004,0.36453506877917874,0.375607210221342,0.6044742682990869
Disulfiram_0.100_DMSO_0.025,0.2672041808441763,0.21151916111566002,-0.05474759348027588,0.15578653716928964,1.0,0.4985797900749654,0.6255536022413696,-0.03718546021513824,0.03550683616448518,0.1081329475091947,-0.07563555573586397,-0.1744709177416645,-0.03295457943637351,0.14314956805680232,0.3624100329338104,0.41582230521283947,0.3411458155267747,0.36051342949606474,0.3408975731735408,0.2800083936608129,-0.0810707071185358,-0.07811167887190054,-0.11247934236608681,-0.3671898876860601,-0.509373570642975,-0.4103409080208597,-0.32112904630005634,-0.06124502280648629,-0.23113636619486264,-0.1292323691720413,-0.26458181020190175,-0.30543545905085856,0.33611216241895453,0.4310783333146888,0.34793993248264105,0.22223916225169146
Disulfiram_1.000_DMSO_0.025,-0.0624153083908222,0.015203456177575483,-0.4400442860448818,-0.18247446434034967,0.4985797900749654,1.0,0.7918989312295621,-0.13023026906712648,-0.1083215387750549,0.6322483017087697,-0.3253177561226708,0.2503487026478776,-0.3732263736771744,-0.20345093870946176,0.1637273222268247,0.3927975829076022,0.48360198633514667,0.29626444544773956,0.8398687002742758,0.7126147485469786,-0.5363848888170125,0.1034655347190912,-0.021456631519729822,-0.2608030034015534,0.0030807563820213816,-0.80200941796366,-0.1345979147489024,0.17423147549835866,0.1514681605561798,0.037262873550560856,-0.6167071883106782,-0.5328730813628355,0.26636767062135225,0.3354856112761527,0.1845913010883992,-0.034271567029887026
Disulfiram_2.500_DMSO_0.025,0.17027233966759256,0.14594695467173288,-0.24668272315952197,-0.12263483803872086,0.6255536022413696,0.7918989312295621,1.0,-0.17321206522227725,-0.031786523504683875,0.3423618351953334,-0.3679809196843503,-0.001380200669068015,-0.2993582915714534,-0.12001441773459981,0.2388375669683586,0.34598296127103767,0.4994338870794515,0.37528865730515737,0.6382420000044873,0.48770624750018987,-0.374942159019862,0.1387766040335348,0.034957507540462666,-0.25375099099185405,-0.2181691928631991,-0.6698386460889505,-0.18839178167456858,0.13673193517379054,0.0019219453841664246,0.05317425691857992,-0.5402806732851912,-0.48697024534741,0.27379091374345244,0.4357414020767214,0.3105156815747828,0.10216584073100701
Flagellin_0.100_DMSO_0.025,0.017106952612032555,0.09181566086469342,0.13356738198175924,0.25598657481026804,-0.03718546021513824,-0.13023026906712648,-0.17321206522227725,1.0,0.4237596807797117,0.07888941484172664,0.05030133180558272,-0.18947823494023713,0.0239499260768116,0.28285513331945744,0.13006110489825332,0.29925261506298256,0.1916863548933201,-0.04582195898512771,-0.203060330045503,-0.05375002650217635,0.10168235481892049,0.009294436493460708,-0.1771737136546019,-0.22265558176923186,-0.06648832706952847,0.05174632709919831,-0.26141514559208096,-0.02862640122478661,-0.2274308493549819,-0.3026065799922962,0.12556105891365255,0.06992401661482862,0.15334840489571155,-0.004382986732394432,0.19594226292991407,0.12245378703576289
Flagellin_1.000_DMSO_0.025,0.45078829525025904,0.29608222786369887,0.2576064890308992,0.38444150681647193,0.03550683616448518,-0.1083215387750549,-0.031786523504683875,0.4237596807797117,1.0,-0.13705234652841516,0.04618700231993759,-0.3362713506509328,-0.04823300043631151,0.4485780652322544,0.4850737784323493,0.30070822314090173,0.34798162061097493,0.03347124667315127,-0.09036839327890435,-0.2074804766269664,0.058675461481483886,0.07429398308654148,-0.4069799342762704,-0.3261566927948218,-0.17867349309010785,-0.07485071618239363,-0.2854671546997011,-0.31580660182764625,-0.3672900668661832,-0.43546986502279006,0.053979469177238226,-0.06151058647659115,0.39719396505343857,0.3768509941839463,0.5128581001273196,0.5318121366896709
Flagellin_1.000_Disulfiram_1.0,-0.46425355956350695,-0.17271832321728806,-0.3369189217097163,-0.2732550997173198,0.1081329475091947,0.6322483017087697,0.3423618351953334,0.07888941484172664,-0.13705234652841516,1.0,-0.23310893512879083,0.258227981600396,-0.13902726834313633,-0.22208832206073403,-0.2723213042194712,0.21351003174473013,0.22168129746635215,0.1150425850575578,0.6222999974296166,0.7649964201813166,-0.41331579351989334,0.007035635526218868,-0.05370793592910837,-0.19989403954793125,0.23136154410160295,-0.41377392840614585,-0.15293197983888465,0.3482003234821056,0.094151099771004,-0.05821663036713151,-0.2291485355194459,-0.12065624954705928,-0.13356654275623994,-0.1145259625276363,-0.21547563932986272,-0.33846937241851904
H2O2_100.000_DMSO_0.025,0.1509093419373113,0.34174786210366603,0.36335807651592095,0.19889658431391177,-0.07563555573586397,-0.3253177561226708,-0.3679809196843503,0.05030133180558272,0.04618700231993759,-0.23310893512879083,1.0,0.07527924271969526,0.39093785750066423,0.2221857473215025,0.10227576514159213,-0.2691880894911159,-0.274154556821328,-0.33588682950359827,-0.2739663067006275,-0.3367814056066727,0.28181648901594486,-0.46469255319916764,-0.24607695456753562,-0.2566333335761948,-0.09679366277523893,0.2007069418584005,-0.2209957447067101,-0.4366504721689923,-0.2776558352657239,-0.3347497010777939,0.3921885697941164,0.1946117890111781,-0.16089997309941448,-0.11480151720110444,-0.18579071050018806,0.16744552279055316
H2O2_100.000_Disulfiram_1.0,-0.47893279963717617,-0.36276128134023844,-0.5697202954156386,-0.5311063242170514,-0.1744709177416645,0.2503487026478776,-0.001380200669068015,-0.18947823494023713,-0.3362713506509328,0.258227981600396,0.07527924271969526,1.0,-0.3638420990236025,-0.4484354954685807,-0.3766498463195893,-0.2957066328609217,-0.16960077689232797,0.0250932909486404,0.2752121756486624,0.36380731465802923,-0.5357395316547173,0.1851385161414313,0.07528838819612357,0.39018841326888387,0.5215693895762861,-0.32195740891110697,0.5394999971908733,0.21513835580164795,0.5722364417922103,0.19922924100118583,-0.27096176112536435,-0.2262327742687294,-0.2686561305592282,-0.342205161001497,-0.34590594795897595,-0.43932366219989744
H2O2_100.000_Z-VAD-FMK_100.0,0.03348311094699036,0.2664416039917711,0.6728501196773429,0.3434473537980914,-0.03295457943637351,-0.3732263736771744,-0.2993582915714534,0.0239499260768116,-0.04823300043631151,-0.13902726834313633,0.39093785750066423,-0.3638420990236025,1.0,0.2644861777521097,-0.013878682146085638,-0.18787920710745837,-0.2697957852743771,-0.2704983950187485,-0.3401911439262392,-0.2953516205719497,0.7363102657617004,-0.615490113125558,-0.2323991692829689,-0.3590181888523184,-0.3956967734585365,0.571917098631792,-0.4760767844100996,-0.36881940860259593,-0.5842705115885539,-0.39089716255092294,0.5585523364251144,0.4541352900806266,-0.23761025006366174,-0.09852340651092574,-0.24116848951168463,0.06131568074630922
LPS_0.010_DMSO_0.025,0.6060173416143001,0.43666422338856703,0.5470828403576923,0.5992819993125341,0.14314956805680232,-0.20345093870946176,-0.12001441773459981,0.28285513331945744,0.4485780652322544,-0.22208832206073403,0.2221857473215025,-0.4484354954685807,0.2644861777521097,1.0,0.5252336547246513,0.24551758312515837,-0.017112578574618214,-0.16182419366975884,-0.21921544689627012,-0.25670697610849763,0.34204329745867124,-0.32577992192323535,-0.42972031959774304,-0.4403211225293299,-0.34068311782653415,0.15760892099309706,-0.4150377882125642,-0.44556442650322353,-0.5372994174546118,-0.5477069096812491,0.1525082369370992,-0.06674517536372127,0.414038986521125,0.2802193165042778,0.41228383345433683,0.4963178874826075
LPS_0.100_DMSO_0.025,0.6869051409112282,0.5063673373330684,0.3273811308820684,0.5237939830376105,0.3624100329338104,0.1637273222268247,0.2388375669683586,0.13006110489825332,0.4850737784323493,-0.2723213042194712,0.10227576514159213,-0.3766498463195893,-0.013878682146085638,0.5252336547246513,1.0,0.4604758896226915,0.35649106647232204,0.024470104851219216,0.09512892975053369,-0.19465208094343503,0.1658310002803887,-0.1521307204532123,-0.36825725695916695,-0.5077705331876383,-0.3777239732792779,-0.27176958165506443,-0.4231762886731504,-0.471999164216023,-0.4395328166695536,-0.37001246534930915,-0.17014519230796687,-0.2932543456699988,0.6074131984431629,0.6019072374400709,0.6210317985789217,0.6376869966206834
LPS_1.000_DMSO_0.025,0.1813578655939758,0.09419711819675883,-0.03027665546852874,0.2078847356196112,0.41582230521283947,0.3927975829076022,0.34598296127103767,0.29925261506298256,0.30070822314090173,0.21351003174473013,-0.2691880894911159,-0.2957066328609217,-0.18787920710745837,0.24551758312515837,0.4604758896226915,1.0,0.53908075154212,0.34663843728980165,0.2308259422186955,0.2211216364265682,-0.026619747773225032,0.17573231468603023,-0.10051786772030015,-0.3878908146968009,-0.4054820476800936,-0.37090577350437715,-0.3529608780675357,0.03526071798138548,-0.22748854952443812,-0.13699936289706557,-0.2770612794909205,-0.2279712759957455,0.5761751769957772,0.4230593899330827,0.4661559871738792,0.19957051095085693
LPS_10.000_DMSO_0.025,0.12082370938369498,0.1449326330391107,-0.1774802324839744,0.019981295715958827,0.3411458155267747,0.48360198633514667,0.4994338870794515,0.1916863548933201,0.34798162061097493,0.22168129746635215,-0.274154556821328,-0.16960077689232797,-0.2697957852743771,-0.017112578574618214,0.35649106647232204,0.53908075154212,1.0,0.4003428775476231,0.309862262975061,0.23598161471915102,-0.22859657188899812,0.33015445486860023,-0.08973200712961693,-0.2779829234538534,-0.2969518898034214,-0.5505243578444939,-0.20784136527554622,0.1032484011723672,-0.03706976006139814,-0.0416112225324779,-0.36350519286559657,-0.30352057527812976,0.49129437025621125,0.4488148385840759,0.5287383705767741,0.26127289336255405
LPS_10.000_Disulfiram_0.1,-0.10465355518435178,-0.2776203677696752,-0.3501213643641945,-0.2655118041964074,0.36051342949606474,0.29626444544773956,0.37528865730515737,-0.04582195898512771,0.03347124667315127,0.1150425850575578,-0.33588682950359827,0.0250932909486404,-0.2704983950187485,-0.16182419366975884,0.024470104851219216,0.34663843728980165,0.4003428775476231,1.0,0.31669082447765673,0.3599565902683004,-0.2504386143434549,0.3326253242537851,-0.059699128165366544,-0.004903601818096151,-0.2054030410429191,-0.3040463532744425,0.1009764879753475,0.1083774385984433,0.03483279555027852,0.06751590625697179,-0.11664828240855066,-0.0294721555725393,0.16285572273737928,0.1243433952885429,0.13035313827024378,-0.16707450397419335
LPS_10.000_Disulfiram_1.0,-0.05111049948072666,-0.050665788712638965,-0.40852924905364557,-0.2185451260308514,0.3408975731735408,0.8398687002742758,0.6382420000044873,-0.203060330045503,-0.09036839327890435,0.6222999974296166,-0.2739663067006275,0.2752121756486624,-0.3401911439262392,-0.21921544689627012,0.09512892975053369,0.2308259422186955,0.309862262975061,0.31669082447765673,1.0,0.7406178538940457,-0.5161724159798117,0.02433245674138008,-0.12819144320825668,-0.26512437261321625,0.12202406749978645,-0.7097829718539914,-0.12026733743633942,0.07630267882370315,0.0741124329190371,-0.012543968510392332,-0.4389073940020599,-0.35188112216330514,0.11703725088725923,0.24837636397194984,0.0262256587175937,-0.07962076099298504
LPS_10.000_Disulfiram_2.5,-0.3661679378793994,-0.23400392999135444,-0.487066608940604,-0.32561945507989765,0.2800083936608129,0.7126147485469786,0.48770624750018987,-0.05375002650217635,-0.2074804766269664,0.7649964201813166,-0.3367814056066727,0.36380731465802923,-0.2953516205719497,-0.25670697610849763,-0.19465208094343503,0.2211216364265682,0.23598161471915102,0.3599565902683004,0.7406178538940457,1.0,-0.5280182291280582,0.13737652125225527,-0.09965565616340948,-0.12271528478866527,0.1085424404556616,-0.5581126386661142,-0.02961427128593807,0.2895546345344489,0.15380306878325317,-0.026434211339145603,-0.2922846964322278,-0.1745357928474439,0.02427324737084382,-0.014177750185258324,-0.11540658969567456,-0.3279290437790786
LPS_10.000_Z-VAD-FMK_100.0,0.24389193963583214,0.31844721836058504,0.7766778599347793,0.5144368797533017,-0.0810707071185358,-0.5363848888170125,-0.374942159019862,0.10168235481892049,0.058675461481483886,-0.41331579351989334,0.28181648901594486,-0.5357395316547173,0.7363102657617004,0.34204329745867124,0.1658310002803887,-0.026619747773225032,-0.22859657188899812,-0.2504386143434549,-0.5161724159798117,-0.5280182291280582,1.0,-0.3832463460496903,-0.18415144164564734,-0.32173361724079197,-0.5050143826607231,0.6141962435260668,-0.4649492897543038,-0.38453880481472574,-0.5963582035517081,-0.27953598285463077,0.4974745713110896,0.4659090555674175,-0.046904109867211184,-0.010157069405069276,-0.06511612488475695,0.22508592551253964
LPS_100.000_DMSO_0.025,-0.17925761284801509,-0.28229667414136295,-0.46584850500275654,-0.31822464006695744,-0.07811167887190054,0.1034655347190912,0.1387766040335348,0.009294436493460708,0.07429398308654148,0.007035635526218868,-0.46469255319916764,0.1851385161414313,-0.615490113125558,-0.32577992192323535,-0.1521307204532123,0.17573231468603023,0.33015445486860023,0.3326253242537851,0.02433245674138008,0.13737652125225527,-0.3832463460496903,1.0,0.23196910533306223,0.3457082506721035,0.11490118943250861,-0.32931958778550047,0.3820367651204129,0.5196626551428605,0.5514663598134303,0.4655200629217679,-0.3858478645920518,-0.2178373095490892,0.17264214339788872,0.06104549767623973,0.21984471512190032,-0.1795432180023952
LPS_Nigericin_1.000_1.0_DMSO_0.025,-0.3763893115990813,-0.3589063840621203,-0.36347563859570886,-0.4531053064257636,-0.11247934236608681,-0.021456631519729822,0.034957507540462666,-0.1771737136546019,-0.4069799342762704,-0.05370793592910837,-0.24607695456753562,0.07528838819612357,-0.2323991692829689,-0.42972031959774304,-0.36825725695916695,-0.10051786772030015,-0.08973200712961693,-0.059699128165366544,-0.12819144320825668,-0.09965565616340948,-0.18415144164564734,0.23196910533306223,1.0,0.5547646765981944,0.13875085909458126,0.113276883390051,0.38669435609752323,0.6959491545857678,0.5802404971047138,0.8128389253085782,-0.38793321426361915,-0.23706205762053037,-0.22570495431671983,-0.16262576836722792,-0.22465266613438836,-0.40439724043875763
LPS_Nigericin_1.000_10.0_DMSO_0.025,-0.4144086190312124,-0.6252822531241649,-0.5128799056200878,-0.5579530664332677,-0.3671898876860601,-0.2608030034015534,-0.25375099099185405,-0.22265558176923186,-0.3261566927948218,-0.19989403954793125,-0.2566333335761948,0.39018841326888387,-0.3590181888523184,-0.4403211225293299,-0.5077705331876383,-0.3878908146968009,-0.2779829234538534,-0.004903601818096151,-0.26512437261321625,-0.12271528478866527,-0.32173361724079197,0.3457082506721035,0.5547646765981944,1.0,0.4980703771338929,0.2632189103299151,0.8633722575682098,0.46932692782482294,0.7252944160469638,0.6061951658935961,-0.21182261592749116,-0.13551213878518875,-0.353377584347194,-0.4578187095872582,-0.24675241806820222,-0.4427485935317495
LPS_Nigericin_1.000_10.0_Disulfiram_1.0,-0.3635348757769655,-0.37982992803587085,-0.4302125396689422,-0.41284502543619195,-0.509373570642975,0.0030807563820213816,-0.2181691928631991,-0.06648832706952847,-0.17867349309010785,0.23136154410160295,-0.09679366277523893,0.5215693895762861,-0.3956967734585365,-0.34068311782653415,-0.3777239732792779,-0.4054820476800936,-0.2969518898034214,-0.2054030410429191,0.12202406749978645,0.1085424404556616,-0.5050143826607231,0.11490118943250861,0.13875085909458126,0.4980703771338929,1.0,-0.01910380886757527,0.5646226044273428,0.1687260237054693,0.5281638591136846,0.20717931464202413,-0.1586599354536796,-0.1460488814949863,-0.40880650264039864,-0.4493489756705228,-0.33331019382550126,-0.3329529657837086
LPS_Nigericin_1.000_10.0_Z-VAD-FMK_100.0,-0.09480129893539943,-0.16942340730947336,0.4474483939036503,0.14696386124245986,-0.4103409080208597,-0.80200941796366,-0.6698386460889505,0.05174632709919831,-0.07485071618239363,-0.41377392840614585,0.2007069418584005,-0.32195740891110697,0.571917098631792,0.15760892099309706,-0.27176958165506443,-0.37090577350437715,-0.5505243578444939,-0.3040463532744425,-0.7097829718539914,-0.5581126386661142,0.6141962435260668,-0.32931958778550047,0.113276883390051,0.2632189103299151,-0.01910380886757527,1.0,0.0364102052381975,-0.10441841690069927,-0.22485482747850713,-0.03633281672595436,0.5331846498777343,0.49511468757525307,-0.4031323947004078,-0.4025882115063052,-0.31384084177575117,-0.10432804593827624
LPS_Nigericin_1.000_3.0_DMSO_0.025,-0.4094147872725099,-0.5925317659271181,-0.6185197871869541,-0.609758075848859,-0.32112904630005634,-0.1345979147489024,-0.18839178167456858,-0.26141514559208096,-0.2854671546997011,-0.15293197983888465,-0.2209957447067101,0.5394999971908733,-0.4760767844100996,-0.4150377882125642,-0.4231762886731504,-0.3529608780675357,-0.20784136527554622,0.1009764879753475,-0.12026733743633942,-0.02961427128593807,-0.4649492897543038,0.3820367651204129,0.38669435609752323,0.8633722575682098,0.5646226044273428,0.0364102052381975,1.0,0.3636556859603313,0.7666037099240903,0.5480785553061144,-0.24071746352043702,-0.19879948109997536,-0.2721695757867337,-0.4497194267576973,-0.22316124383516117,-0.4156575336995781
LPS_Nigericin_100.000_1.0_DMSO_0.025,-0.5747798569908551,-0.4941953548358334,-0.5616848727581066,-0.5510442803452433,-0.06124502280648629,0.17423147549835866,0.13673193517379054,-0.02862640122478661,-0.31580660182764625,0.3482003234821056,-0.4366504721689923,0.21513835580164795,-0.36881940860259593,-0.44556442650322353,-0.471999164216023,0.03526071798138548,0.1032484011723672,0.1083774385984433,0.07630267882370315,0.2895546345344489,-0.38453880481472574,0.5196626551428605,0.6959491545857678,0.46932692782482294,0.1687260237054693,-0.10441841690069927,0.3636556859603313,1.0,0.6395394371489022,0.7094070567290539,-0.44157241645676576,-0.2298616787663051,-0.207514814669513,-0.17240019106932325,-0.1859619561560991,-0.554625490942187
LPS_Nigericin_100.000_10.0_DMSO_0.025,-0.4818611674520809,-0.5039493039602174,-0.725674796023089,-0.6490595953190218,-0.23113636619486264,0.1514681605561798,0.0019219453841664246,-0.2274308493549819,-0.3672900668661832,0.094151099771004,-0.2776558352657239,0.5722364417922103,-0.5842705115885539,-0.5372994174546118,-0.4395328166695536,-0.22748854952443812,-0.03706976006139814,0.03483279555027852,0.0741124329190371,0.15380306878325317,-0.5963582035517081,0.5514663598134303,0.5802404971047138,0.7252944160469638,0.5281638591136846,-0.22485482747850713,0.7666037099240903,0.6395394371489022,1.0,0.7293709378896207,-0.512868205227789,-0.41361099654351036,-0.18324220223887247,-0.2627682491439257,-0.19887961088093056,-0.4873868307557572
LPS_Nigericin_100.000_3.0_DMSO_0.025,-0.39679476367932215,-0.48802498969590163,-0.5319040505006533,-0.5899612028343565,-0.1292323691720413,0.037262873550560856,0.05317425691857992,-0.3026065799922962,-0.43546986502279006,-0.05821663036713151,-0.3347497010777939,0.19922924100118583,-0.39089716255092294,-0.5477069096812491,-0.37001246534930915,-0.13699936289706557,-0.0416112225324779,0.06751590625697179,-0.012543968510392332,-0.026434211339145603,-0.27953598285463077,0.4655200629217679,0.8128389253085782,0.6061951658935961,0.20717931464202413,-0.03633281672595436,0.5480785553061144,0.7094070567290539,0.7293709378896207,1.0,-0.4216558507740893,-0.23902903434496575,-0.23857544829045094,-0.18508268697588767,-0.23691971759135375,-0.4249800814278911
Thapsigargin_1.000_DMSO_0.025,-0.01979943150658525,0.09272247418548683,0.46561617281285456,0.2138156406446499,-0.26458181020190175,-0.6167071883106782,-0.5402806732851912,0.12556105891365255,0.053979469177238226,-0.2291485355194459,0.3921885697941164,-0.27096176112536435,0.5585523364251144,0.1525082369370992,-0.17014519230796687,-0.2770612794909205,-0.36350519286559657,-0.11664828240855066,-0.4389073940020599,-0.2922846964322278,0.4974745713110896,-0.3858478645920518,-0.38793321426361915,-0.21182261592749116,-0.1586599354536796,0.5331846498777343,-0.24071746352043702,-0.44157241645676576,-0.512868205227789,-0.4216558507740893,1.0,0.878016651246293,-0.32576715436771503,-0.3284252200284791,-0.31347786683024526,0.018296681166218142
Thapsigargin_10.000_DMSO_0.025,-0.22476773772354136,-0.07322450650683363,0.33073762132437345,0.08092031433106477,-0.30543545905085856,-0.5328730813628355,-0.48697024534741,0.06992401661482862,-0.06151058647659115,-0.12065624954705928,0.1946117890111781,-0.2262327742687294,0.4541352900806266,-0.06674517536372127,-0.2932543456699988,-0.2279712759957455,-0.30352057527812976,-0.0294721555725393,-0.35188112216330514,-0.1745357928474439,0.4659090555674175,-0.2178373095490892,-0.23706205762053037,-0.13551213878518875,-0.1460488814949863,0.49511468757525307,-0.19879948109997536,-0.2298616787663051,-0.41361099654351036,-0.23902903434496575,0.878016651246293,1.0,-0.37853183292190273,-0.3704199021302783,-0.3927534407526351,-0.13884890125280294
Topotecan_10.000_DMSO_0.025,0.515978023770094,0.33384145689676303,0.0616972329544256,0.41523665356204004,0.33611216241895453,0.26636767062135225,0.27379091374345244,0.15334840489571155,0.39719396505343857,-0.13356654275623994,-0.16089997309941448,-0.2686561305592282,-0.23761025006366174,0.414038986521125,0.6074131984431629,0.5761751769957772,0.49129437025621125,0.16285572273737928,0.11703725088725923,0.02427324737084382,-0.046904109867211184,0.17264214339788872,-0.22570495431671983,-0.353377584347194,-0.40880650264039864,-0.4031323947004078,-0.2721695757867337,-0.207514814669513,-0.18324220223887247,-0.23857544829045094,-0.32576715436771503,-0.37853183292190273,1.0,0.6969207340146826,0.7233671035934424,0.5286602064103373
Topotecan_20.000_DMSO_0.025,0.5669329877265848,0.41056657399790764,0.12591303822638006,0.36453506877917874,0.4310783333146888,0.3354856112761527,0.4357414020767214,-0.004382986732394432,0.3768509941839463,-0.1145259625276363,-0.11480151720110444,-0.342205161001497,-0.09852340651092574,0.2802193165042778,0.6019072374400709,0.4230593899330827,0.4488148385840759,0.1243433952885429,0.24837636397194984,-0.014177750185258324,-0.010157069405069276,0.06104549767623973,-0.16262576836722792,-0.4578187095872582,-0.4493489756705228,-0.4025882115063052,-0.4497194267576973,-0.17240019106932325,-0.2627682491439257,-0.18508268697588767,-0.3284252200284791,-0.3704199021302783,0.6969207340146826,1.0,0.6647316624763959,0.5450078580442994
Topotecan_5.000_DMSO_0.025,0.5889102396384954,0.3223817753450436,0.077602802872204,0.375607210221342,0.34793993248264105,0.1845913010883992,0.3105156815747828,0.19594226292991407,0.5128581001273196,-0.21547563932986272,-0.18579071050018806,-0.34590594795897595,-0.24116848951168463,0.41228383345433683,0.6210317985789217,0.4661559871738792,0.5287383705767741,0.13035313827024378,0.0262256587175937,-0.11540658969567456,-0.06511612488475695,0.21984471512190032,-0.22465266613438836,-0.24675241806820222,-0.33331019382550126,-0.31384084177575117,-0.22316124383516117,-0.1859619561560991,-0.19887961088093056,-0.23691971759135375,-0.31347786683024526,-0.3927534407526351,0.7233671035934424,0.6647316624763959,1.0,0.5710118382404408
media ctr_0_Media ctr_0.0,0.7297652215613347,0.5949762884731031,0.43982371607385645,0.6044742682990869,0.22223916225169146,-0.034271567029887026,0.10216584073100701,0.12245378703576289,0.5318121366896709,-0.33846937241851904,0.16744552279055316,-0.43932366219989744,0.06131568074630922,0.4963178874826075,0.6376869966206834,0.19957051095085693,0.26127289336255405,-0.16707450397419335,-0.07962076099298504,-0.3279290437790786,0.22508592551253964,-0.1795432180023952,-0.40439724043875763,-0.4427485935317495,-0.3329529657837086,-0.10432804593827624,-0.4156575336995781,-0.554625490942187,-0.4873868307557572,-0.4249800814278911,0.018296681166218142,-0.13884890125280294,0.5286602064103373,0.5450078580442994,0.5710118382404408,1.0
